# Blender 4.0.2
# www.blender.org
mtllib fire.mtl
o cube
v 0.366443 0.688052 -0.065840
v 0.187201 0.688052 -0.321825
v 0.484644 0.410861 -0.148605
v 0.305401 0.410861 -0.404590
v -0.721045 0.110866 0.314135
v -0.541803 0.110866 0.570120
v -0.602845 -0.166325 0.231370
v -0.423602 -0.166325 0.487355
vn -0.5736 -0.0000 -0.8192
vn 0.7266 0.4617 -0.5088
vn 0.5736 -0.0000 0.8192
vn -0.7266 -0.4617 0.5088
vn -0.3782 0.8870 0.2648
vn 0.3782 -0.8870 -0.2648
vt 0.000000 0.875000
vt 0.500000 0.875000
vt 0.500000 1.000000
vt 0.000000 1.000000
vt 0.125000 0.875000
vt 0.125000 1.000000
s 0
usemtl none
f 4/1/1 7/2/1 5/3/1 2/4/1
f 3/1/2 4/5/2 2/6/2 1/4/2
f 8/1/3 3/2/3 1/3/3 6/4/3
f 7/1/4 8/5/4 6/6/4 5/4/4
f 6/1/5 1/2/5 2/3/5 5/4/5
f 7/1/6 4/2/6 3/3/6 8/4/6
o cube.001
v 0.156250 0.399955 0.561240
v 0.156250 0.182895 -0.669770
v 0.156250 0.092203 0.615505
v 0.156250 -0.124857 -0.615505
v -0.156250 0.182895 -0.669770
v -0.156250 0.399955 0.561240
v -0.156250 -0.124857 -0.615505
v -0.156250 0.092203 0.615505
vn -0.0000 -0.1736 -0.9848
vn 1.0000 -0.0000 -0.0000
vn -0.0000 0.1736 0.9848
vn -1.0000 -0.0000 -0.0000
vn -0.0000 0.9848 -0.1736
vn -0.0000 -0.9848 0.1736
vt 0.000000 0.875000
vt 0.125000 0.875000
vt 0.125000 1.000000
vt 0.000000 1.000000
vt 0.500000 0.875000
vt 0.500000 1.000000
vt 0.000000 0.500000
vt 0.125000 0.500000
s 0
usemtl none
f 12/7/7 15/8/7 13/9/7 10/10/7
f 11/7/8 12/11/8 10/12/8 9/10/8
f 16/7/9 11/8/9 9/9/9 14/10/9
f 15/7/10 16/11/10 14/12/10 13/10/10
f 14/13/11 9/14/11 10/9/11 13/10/11
f 15/13/12 12/14/12 11/9/12 16/10/12
o cube.002
v 0.548282 0.153491 0.428071
v 0.680350 0.153491 0.144850
v 0.486981 -0.151602 0.399486
v 0.619050 -0.151602 0.116265
v -0.425681 0.424040 -0.370901
v -0.557749 0.424040 -0.087680
v -0.486981 0.118948 -0.399486
v -0.619050 0.118948 -0.116265
vn 0.4226 -0.0000 -0.9063
vn 0.8848 -0.2164 0.4126
vn -0.4226 -0.0000 0.9063
vn -0.8848 0.2164 -0.4126
vn 0.1962 0.9763 0.0915
vn -0.1962 -0.9763 -0.0915
vt 0.000000 0.875000
vt 0.500000 0.875000
vt 0.500000 1.000000
vt 0.000000 1.000000
vt 0.125000 0.875000
vt 0.125000 1.000000
s 0
usemtl none
f 20/15/13 23/16/13 21/17/13 18/18/13
f 19/15/14 20/19/14 18/20/14 17/18/14
f 24/15/15 19/16/15 17/17/15 22/18/15
f 23/15/16 24/19/16 22/20/16 21/18/16
f 22/15/17 17/16/17 18/17/17 21/18/17
f 23/15/18 20/16/18 19/17/18 24/18/18
o plane
v 0.468750 0.139923 -0.000000
v 0.468750 1.077423 -0.000000
v -0.468750 0.139923 -0.000000
v -0.468750 1.077423 -0.000000
vn -0.0000 -0.0000 1.0000
vt 1.000000 0.000000
vt 1.000000 1.000000
vt 0.000000 1.000000
vt 0.000000 0.000000
s 0
usemtl m_1a3cad4a-6b25-01d9-155b-4fb505abd438
f 25/21/19 26/22/19 28/23/19 27/24/19
o plane.001
v 0.000000 0.139923 0.468750
v 0.000000 1.077423 0.468750
v -0.000000 0.139923 -0.468750
v -0.000000 1.077423 -0.468750
vn -1.0000 -0.0000 -0.0000
vt 1.000000 0.000000
vt 1.000000 1.000000
vt 0.000000 1.000000
vt 0.000000 0.000000
s 0
usemtl m_1a3cad4a-6b25-01d9-155b-4fb505abd438
f 29/25/20 30/26/20 32/27/20 31/28/20
